16135829	INV	3000	-1	-1	0
16173891	INS	5000	-1	-1	0
16338698	TRS3	500	3	1	0
16475398	INV	1000	-1	-1	0
16496182	DEL	50000	-1	-1	0
16545741	TRS1	800	4	2	0
17782321	CNV	50000	11	0	0
18395372	CNV	80000	12	0	0
18786982	TRS2	1000	5	2	0
19921628	CNV	50000	11	2	0
20885904	INS	100	-1	-1	0
21027627	TRS1	30000	11	2	0
21092146	CNV	1000	5	2	0
21129507	CNV	300	2	1	0
21577152	INV	100	-1	-1	0
21699502	TRS1	10000	9	2	0
21822969	TRS1	30000	11	0	0
22019716	tandemCNV3	10000	21	1	0
22029716	tandemCNV	10000	21	2	3
22107531	CNV	800	4	1	0
22363235	INV	200	-1	-1	0
22485905	DEL	8000	-1	-1	0
22594476	tandemCNV	50000	23	2	2
22644476	tandemCNV2	50000	23	1	0
22881987	CNV	1000	5	1	0
22936266	CNV	500	3	2	0
22989292	TRS3	5000	8	1	0
23024532	tandemCNV3	1000	16	1	0
23025532	tandemCNV	1000	16	2	3
23548246	tandemCNV	80000	24	2	1
23628246	tandemCNV1	80000	24	0	0
23710118	CNV	800	4	2	0
23917017	TRS3	50000	12	1	0
24585894	TRS3	20000	10	1	0
24876630	INV	30000	-1	-1	0
25241814	INS	8000	-1	-1	0
25350740	TRS2	3000	7	2	0
25366010	INS	1000	-1	-1	0
25739772	tandemCNV	200	13	2	1
25739972	tandemCNV1	200	13	0	0
25786945	CNV	200	1	2	0
25851754	TRS1	10000	9	0	0
26178720	CNV	80000	12	2	0
26634896	CNV	3000	6	0	0
26975855	CNV	8000	8	2	0
27490860	tandemCNV	5000	19	2	1
27495860	tandemCNV1	5000	19	0	0
27764823	DEL	80000	-1	-1	0
27958650	tandemCNV	300	14	2	1
27958950	tandemCNV1	300	14	0	0
28441092	INV	20000	-1	-1	0
28804857	INS	3000	-1	-1	0
29629660	INS	800	-1	-1	0
29873214	INV	8000	-1	-1	0
30049364	DEL	30000	-1	-1	0
30330822	tandemCNV	3000	18	2	2
30333822	tandemCNV2	3000	18	1	0
30707395	CNV	3000	6	2	0
30739370	tandemCNV3	8000	20	1	0
30747370	tandemCNV	8000	20	2	3
31201600	CNV	5000	7	0	0
31213794	DEL	1000	-1	-1	0
32861858	tandemCNV	20000	22	2	1
32881858	tandemCNV1	20000	22	0	0
33472240	CNV	200	1	1	0
33528795	TRS2	300	2	2	0
33646042	tandemCNV	2000	17	2	1
33648042	tandemCNV1	2000	17	0	0
33737391	TRS2	200	1	2	0
34178040	tandemCNV3	800	15	1	0
34178840	tandemCNV	800	15	2	3
34240702	DEL	20000	-1	-1	0
34276913	CNV	10000	9	1	0
34580967	DEL	2000	-1	-1	0
34698747	DEL	5000	-1	-1	0
35403175	INS	300	-1	-1	0
35574217	TRS1	80000	13	2	0
36082431	INV	800	-1	-1	0
36606802	INV	300	-1	-1	0
37214853	TRS3	500	3	2	0
37293493	TRS2	2000	6	2	0
37724012	TRS2	2000	6	1	0
37847739	CNV	300	2	2	0
37868490	INV	50000	-1	-1	0
38079294	TRS3	5000	8	2	0
38530390	TRS2	200	1	1	0
38904410	INS	500	-1	-1	0
39620699	TRS1	800	4	0	0
39895996	TRS2	3000	7	1	0
40348738	INS	30000	-1	-1	0
40809059	CNV	20000	10	1	0
41342325	INS	50000	-1	-1	0
41530086	CNV	10000	9	2	0
42028178	TRS1	80000	13	0	0
42181173	DEL	800	-1	-1	0
43078341	INS	200	-1	-1	0
43624111	TRS3	20000	10	2	0
44361293	CNV	500	3	0	0
44580425	INV	500	-1	-1	0
45056634	CNV	8000	8	0	0
45675111	DEL	10000	-1	-1	0
46646695	INS	20000	-1	-1	0
46967551	TRS2	300	2	1	0
47396498	INS	80000	-1	-1	0
48286860	TRS3	50000	12	2	0
48554695	DEL	300	-1	-1	0
48708469	CNV	20000	10	2	0
48907326	TRS2	1000	5	1	0
49028962	CNV	5000	7	2	0
49311281	INS	10000	-1	-1	0
50534525	DEL	200	-1	-1	0
51111493	INV	80000	-1	-1	0
51260462	INV	2000	-1	-1	0
